1	2	0.07962
1	2467	0.07038
1	2631	1.18014
2	1	0.07962
2	4680	0.23406
2	5113	0.39108
3	4	0.10032
3	2215	0.16716
3	3013	0.34182
3	6252	0.43842
4	3	0.10032
4	885	0.32136
5	6	0.28422
5	7	0.13932
5	875	0.17646
6	5	0.28422
6	1056	0.08916
6	1058	0.2898
7	8	0.13932
7	877	0.16344
7	2211	0.1356
8	6	0.28422
8	7	0.13932
8	875	0.17646
9	10	0.522
9	1062	0.16344
9	2209	0.63714
10	9	0.522
10	1055	0.05202
11	12	0.04644
11	7234	0.13932
12	11	0.04644
12	1039	0.44766
12	6022	1.2873
13	14	0.4644
13	15	0.09846
13	2541	0.51456
14	13	0.4644
14	1038	0.44766
14	2523	0.19506
14	6024	0.66132
15	16	0.09846
15	6715	0.14862
15	7233	0.13932
16	14	0.4644
16	15	0.09846
16	2541	0.51456
17	18	0.22728
17	5803	0.91254
17	6032	0.26646
18	17	0.22728
18	2556	0.35298
18	6036	0.03114
19	20	0.00744
19	905	0.19878
19	1621	0.14304
20	19	0.00744
20	902	0.21732
20	6010	0.15606
21	22	0.19506
21	891	0.45138
21	2203	0.1152
22	21	0.19506
22	893	0.42726
22	906	0.46254
23	24	0.1653
23	25	0.16902
23	1615	0.21546
23	1616	0.13374
24	23	0.1653
24	895	0.16344
24	1645	0.18204
24	6004	0.21546
25	26	0.16902
25	2201	0.07056
25	2537	0.22662
26	24	0.1653
26	25	0.16902
26	1615	0.21546
26	1616	0.13374
27	28	0.18576
27	7124	0.23406
28	27	0.18576
28	526	0.24894
28	3555	0.03156
28	4850	0.117
29	30	0.2415
29	31	0.0966
29	1061	0.05388
30	29	0.2415
30	889	0.39198
30	7125	0.23406
31	32	0.0966
31	2198	0.16902
31	4852	0.11886
32	30	0.2415
32	31	0.0966
32	1061	0.05388
33	34	0.17832
33	1825	0.30648
33	2520	0.14676
34	33	0.17832
35	36	0.22104
35	5494	0.1356
35	5497	0.5517
36	35	0.22104
36	2519	0.2025
36	2521	0.14676
37	38	0.1152
37	450	0.08544
37	814	0.13188
37	815	0.10404
38	37	0.1152
39	40	0.27864
39	2182	0.2805
39	4842	0.26748
40	39	0.27864
40	2957	0.13374
40	2960	0.22104
41	42	0.09846
41	927	0.51084
41	931	0.14304
41	4823	0.31206
42	41	0.09846
43	44	0.32508
43	1739	0.12816
44	43	0.32508
45	46	0.13002
45	47	0.38082
45	2165	0.23964
46	45	0.13002
46	1740	0.12816
46	2167	0.29538
47	48	0.38082
47	204	0.12444
47	1737	0.12444
48	46	0.13002
48	47	0.38082
48	2165	0.23964
49	50	0.23406
49	202	0.26562
49	2168	0.07614
50	49	0.23406
51	52	0.12258
51	2160	0.2508
51	2162	0.22104
52	51	0.12258
52	1743	0.3492
52	1746	0.41982
53	54	0.1932
53	2158	0.25632
53	2161	0.2508
54	53	0.1932
54	1741	0.10218
54	1744	0.3492
55	56	0.2508
56	55	0.2508
56	3416	0.07056
57	58	0.21954
57	59	0.36948
57	4611	0.32322
58	57	0.21954
58	520	0.25704
58	3417	0.42036
59	60	0.36948
59	3419	0.1542
59	3422	0.07986
60	58	0.21954
60	59	0.36948
60	4611	0.32322
61	62	0.10176
61	4613	0.29454
61	6069	0.16602
62	61	0.10176
63	64	0.11778
63	69	0.43104
63	504	0.11244
64	63	0.11778
64	505	0.13656
64	6062	0.21954
65	66	0.43374
65	3392	0.14994
65	3395	0.25968
66	65	0.43374
66	500	0.07494
66	501	0.15798
67	68	0.11778
67	72	0.42036
67	221	0.249
67	3394	0.26238
68	67	0.11778
69	70	0.43104
69	3393	0.26238
69	3396	0.25968
69	6065	0.41232
70	64	0.11778
70	69	0.43104
70	504	0.11244
71	68	0.11778
71	72	0.42036
71	221	0.249
71	3394	0.26238
72	71	0.42036
72	506	0.13656
72	507	0.09636
73	74	0.21174
73	3347	0.14484
73	3350	0.0147
74	73	0.21174
74	3362	0.2229
74	6591	0.13002
75	76	0.27678
75	6084	0.10032
75	6085	0.16158
76	75	0.27678
76	4779	0.14304
76	4782	0.46626
77	78	0.41298
77	2715	0.19146
77	2720	0.10404
78	77	0.41298
79	80	0.08358
79	2679	0.11292
79	2682	0.08886
80	79	0.08358
80	2704	0.4347
80	2708	0.2619
81	82	0.36222
82	81	0.36222
82	2661	0.09474
82	2664	0.16902
82	2674	0.45324
83	84	0.17088
83	2657	0.05388
83	6220	0.38454
84	83	0.17088
85	86	0.12534
85	3723	0.23778
85	3726	0.16716
86	85	0.12534
86	90	0.23034
86	6577	0.07644
87	88	0.0873
87	3727	0.06114
87	3730	0.0582
88	87	0.0873
88	89	0.23034
88	774	0.07614
88	6569	0.23592
89	85	0.12534
89	90	0.23034
89	6577	0.07644
90	87	0.0873
90	89	0.23034
90	774	0.07614
90	6569	0.23592
91	92	0.11148
91	3731	0.14028
91	3734	0.33798
92	91	0.11148
92	4558	0.26934
92	6568	0.23592
93	94	0.08376
94	93	0.08376
94	4528	0.19506
94	6566	0.20304
95	96	0.09474
95	4527	0.19506
95	6565	0.05388
96	95	0.09474
97	98	0.1839
97	411	0.13914
97	6567	0.20304
98	97	0.1839
98	3703	0.13266
98	3706	0.05658
99	100	0.39378
99	365	0.0966
99	3738	0.61674
100	99	0.39378
100	101	0.19878
100	4556	0.0966
101	102	0.19878
101	368	0.117
101	3737	0.61674
102	99	0.39378
102	101	0.19878
102	4556	0.0966
103	104	0.0966
104	103	0.0966
104	3677	0.06132
105	106	0.06318
105	4554	0.0093
106	105	0.06318
106	3358	0.11334
107	108	0.27864
107	389	0.1932
107	392	0.18204
108	107	0.27864
108	395	0.41052
108	398	0.18576
109	110	0.12816
109	781	0.15978
109	783	0.17646
110	109	0.12816
110	5716	0.2136
110	6561	0.0576
111	112	0.35664
111	388	0.16158
111	393	0.02412
112	111	0.35664
112	423	0.0828
112	426	0.21588
112	6553	0.33252
113	114	0.35478
113	383	0.1653
113	386	0.04458
114	113	0.35478
114	421	0.20598
114	424	0.0828
114	6551	0.46752
115	116	0.3492
115	381	0.1653
115	384	0.1653
116	115	0.3492
116	419	0.17544
116	422	0.20598
116	1585	0.33438
117	118	0.35292
117	6613	0.26478
117	6614	0.23964
118	117	0.35292
118	3218	0.11334
118	5731	0.52656
119	120	0.22476
119	2244	0.14418
119	2245	0.2019
120	119	0.22476
121	122	0.36408
121	2246	0.2019
121	2247	0.03348
122	121	0.36408
123	124	0.19134
123	4005	0.12444
123	4008	0.41796
124	123	0.19134
125	126	0.1263
125	2751	0.00558
125	4006	0.12444
126	125	0.1263
127	128	0.0966
127	4001	0.22848
127	4004	0.10404
128	127	0.0966
129	130	0.17646
129	1288	0.09474
129	1291	0.1932
130	129	0.17646
130	1702	0.13374
130	1703	0.02046
131	132	0.20436
131	1268	0.078
131	1271	0.30834
132	131	0.20436
133	134	0.48258
133	3051	0.12666
134	133	0.48258
134	3707	0.07578
134	3710	0.17556
135	136	0.15606
135	1557	0.09846
135	1558	0.05388
136	135	0.15606
137	138	0.11334
137	2683	0.24966
137	2686	0.15048
138	137	0.11334
138	1559	0.05388
138	1560	0.06132
139	140	0.15792
139	1561	0.06132
139	1562	0.08916
140	139	0.15792
141	142	0.10962
141	2685	0.15048
141	2688	0.11148
142	141	0.10962
142	143	0.11886
142	1563	0.08916
142	1565	0.15978
143	144	0.11886
143	4552	0.15978
143	6658	0.11334
144	141	0.10962
144	143	0.11886
144	1563	0.08916
144	1565	0.15978
145	146	0.13608
145	2375	0.06402
145	2729	0.06666
146	145	0.13608
146	1547	0.06042
146	1548	0.11472
147	148	0.2619
147	3276	0.42726
147	3279	0.35478
148	147	0.2619
148	3287	0.13746
148	3288	0.02046
149	150	0.12258
149	157	0.13002
149	1484	0.23406
150	149	0.12258
151	152	0.19878
151	169	0.23964
151	172	0.17832
152	151	0.19878
152	154	0.13188
152	156	0.1839
153	151	0.19878
153	154	0.13188
153	156	0.1839
154	153	0.13188
154	1102	0.25818
154	1485	0.23406
155	151	0.19878
155	154	0.13188
155	156	0.1839
156	155	0.1839
156	158	0.13002
156	161	0.1356
157	155	0.1839
157	158	0.13002
157	161	0.1356
158	150	0.12258
158	157	0.13002
158	1484	0.23406
159	160	0.49596
159	162	0.1356
159	1107	0.26004
160	159	0.49596
160	3278	0.35478
160	3281	0.1152
161	160	0.49596
161	162	0.1356
161	1107	0.26004
162	155	0.1839
162	158	0.13002
162	161	0.1356
163	164	0.1059
163	171	0.17832
163	174	0.4068
164	163	0.1059
164	792	0.24336
164	1106	0.26004
165	166	0.12258
165	791	0.24336
165	5798	0.078
166	165	0.12258
166	180	0.12816
166	4589	0.06504
167	168	0.53868
167	6702	0.18576
168	167	0.53868
168	170	0.23964
168	3295	0.23592
169	167	0.53868
169	170	0.23964
169	3295	0.23592
170	152	0.19878
170	169	0.23964
170	172	0.17832
171	152	0.19878
171	169	0.23964
171	172	0.17832
172	164	0.1059
172	171	0.17832
172	174	0.4068
173	164	0.1059
173	171	0.17832
173	174	0.4068
174	173	0.4068
174	176	0.29166
174	794	0.05388
175	173	0.4068
175	176	0.29166
175	794	0.05388
176	175	0.29166
176	4804	0.49038
176	6268	0.2229
176	6270	0.24336
177	178	0.70404
177	1109	0.25266
177	6269	0.24336
178	177	0.70404
178	194	0.20622
178	4594	0.51642
178	6476	0.2025
179	165	0.12258
179	180	0.12816
179	4589	0.06504
180	179	0.12816
180	182	0.07056
180	6267	0.2229
181	179	0.12816
181	182	0.07056
181	6267	0.2229
182	181	0.07056
182	184	0.60558
182	190	0.18204
183	181	0.07056
183	184	0.60558
183	190	0.18204
184	183	0.60558
184	186	0.10776
184	3282	0.2025
185	183	0.60558
185	186	0.10776
185	3282	0.2025
186	185	0.10776
187	188	0.27864
187	189	0.18204
187	192	0.45696
188	187	0.27864
189	181	0.07056
189	184	0.60558
189	190	0.18204
190	188	0.27864
190	189	0.18204
190	192	0.45696
191	188	0.27864
191	189	0.18204
191	192	0.45696
192	191	0.45696
192	1108	0.25266
192	2625	0.34554
193	177	0.70404
193	194	0.20622
193	4594	0.51642
193	6476	0.2025
194	193	0.20622
194	195	0.4347
194	4591	0.02412
195	196	0.4347
195	198	0.56286
195	6477	0.2025
196	193	0.20622
196	195	0.4347
196	4591	0.02412
197	196	0.4347
197	198	0.56286
197	6477	0.2025
198	197	0.56286
198	2032	0.46254
198	7169	0.05766
199	200	0.70776
199	978	0.16602
199	6892	0.13386
200	199	0.70776
201	50	0.23406
201	202	0.26562
201	2168	0.07614
202	201	0.26562
203	48	0.38082
203	204	0.12444
203	1737	0.12444
204	203	0.12444
204	206	0.60186
204	2169	0.07614
205	203	0.12444
205	206	0.60186
205	2169	0.07614
206	205	0.60186
206	208	0.12816
206	1736	0.14118
207	205	0.60186
207	208	0.12816
207	1736	0.14118
208	207	0.12816
208	210	0.13002
208	1734	0.21918
209	207	0.12816
209	210	0.13002
209	1734	0.21918
210	209	0.13002
210	212	0.17832
210	1732	0.13188
211	209	0.13002
211	212	0.17832
211	1732	0.13188
212	211	0.17832
212	214	0.2415
213	211	0.17832
213	214	0.2415
214	213	0.2415
214	216	0.14862
214	2171	0.31206
215	213	0.2415
215	216	0.14862
215	2171	0.31206
216	215	0.14862
216	218	0.14862
216	2173	0.2619
217	215	0.14862
217	218	0.14862
217	2173	0.2619
218	217	0.14862
218	220	0.27306
218	2175	0.20988
219	217	0.14862
219	220	0.27306
219	2175	0.20988
220	219	0.27306
221	222	0.249
221	3389	0.25968
221	6063	0.15798
222	68	0.11778
222	72	0.42036
222	221	0.249
222	3394	0.26238
223	224	0.5703
223	225	0.39624
223	496	0.94782
224	223	0.5703
224	824	0.34272
224	825	0.11778
225	226	0.39624
225	2187	0.45786
225	3372	0.18474
225	4691	0.3909
226	224	0.5703
226	225	0.39624
226	496	0.94782
227	228	0.37896
227	454	0.04458
227	721	0.20622
228	227	0.37896
228	452	0.26376
228	813	0.13188
229	230	0.18474
230	229	0.18474
230	473	0.20082
230	3788	0.18474
231	232	0.08916
232	231	0.08916
232	233	0.10404
233	234	0.10404
233	456	0.17646
233	464	0.28236
234	231	0.08916
234	233	0.10404
235	236	0.30834
235	459	0.10218
235	6055	0.27678
236	235	0.30834
236	820	0.13746
236	4579	0.14118
237	238	0.23778
237	239	0.12258
237	444	0.32136
238	237	0.23778
239	240	0.12258
239	242	0.38082
239	446	0.31206
239	6053	0.10218
240	238	0.23778
240	239	0.12258
240	444	0.32136
241	240	0.12258
241	242	0.38082
241	446	0.31206
241	6053	0.10218
242	241	0.38082
243	244	0.13002
243	245	0.1542
243	4619	0.07986
244	243	0.13002
245	246	0.1542
245	247	0.13932
245	442	0.46254
246	244	0.13002
246	245	0.1542
246	4619	0.07986
247	248	0.13932
247	440	0.30834
247	6051	0.1263
248	246	0.1542
248	247	0.13932
248	442	0.46254
249	250	0.31578
249	598	0.1653
249	1075	0.22848
249	2276	0.17274
250	249	0.31578
250	1072	0.2322
250	6045	0.16158
251	252	0.49782
251	253	0.48666
251	1076	0.16902
251	1079	0.05946
252	251	0.49782
252	2273	0.1449
252	4690	0.1839
253	254	0.48666
253	255	0.71148
253	435	0.17088
253	1087	0.2025
254	252	0.49782
254	253	0.48666
254	1076	0.16902
254	1079	0.05946
255	256	0.71148
255	257	0.12444
255	6049	0.16716
256	254	0.48666
256	255	0.71148
256	435	0.17088
256	1087	0.2025
257	258	0.12444
257	438	0.0669
257	6048	0.41424
258	256	0.71148
258	257	0.12444
258	6049	0.16716
259	260	0.1932
259	1081	0.36966
259	6047	0.41424
260	259	0.1932
260	1069	0.15606
260	1070	0.039
260	6052	0.1263
261	262	0.12072
261	439	0.30834
261	6043	0.13932
262	261	0.12072
262	441	0.46254
262	1067	0.43842
263	264	0.47928
263	2978	0.29166
263	6041	1.76472
264	263	0.47928
264	2949	0.22662
264	2976	0.1059
265	266	0.17418
265	856	0.05202
265	2993	0.5127
266	265	0.17418
266	2058	0.25494
266	2061	0.40722
267	268	0.08652
267	7246	0.06
268	267	0.08652
268	3401	0.09474
268	5254	0.078
269	270	0.12576
269	271	0.3276
269	470	0.26772
270	269	0.12576
270	6050	0.16716
270	7247	0.06
271	272	0.3276
271	273	0.05304
271	436	0.17088
272	270	0.12576
272	271	0.3276
272	470	0.26772
273	274	0.05304
273	275	0.35532
273	468	0.25704
274	272	0.3276
274	273	0.05304
274	436	0.17088
275	276	0.35532
275	277	0.12
275	6427	0.11886
276	274	0.05304
276	275	0.35532
276	468	0.25704
277	278	0.12
277	279	0.3426
277	1738	0.12444
278	276	0.35532
278	277	0.12
278	6427	0.11886
279	280	0.3426
279	6704	0.14862
280	278	0.12
280	279	0.3426
280	1738	0.12444
281	282	0.26562
281	1754	0.23034
281	6277	0.17832
282	281	0.26562
282	1742	0.10218
282	6705	0.14862
283	284	0.34608
283	4631	0.3888
283	6035	0.03114
284	283	0.34608
284	576	0.11886
284	2560	0.63156
285	286	0.31764
285	2958	0.13374
285	4535	0.53496
286	285	0.31764
286	4848	0.0966
286	5760	0.10962
287	288	0.15792
287	289	0.40122
287	2199	0.16902
288	287	0.15792
288	2956	0.10032
288	4536	0.53496
289	290	0.40122
289	291	0.09288
289	2216	0.16716
290	288	0.15792
290	289	0.40122
290	2199	0.16902
291	292	0.09288
291	7210	0.27864
292	290	0.40122
292	291	0.09288
292	2216	0.16716
293	294	0.04266
293	1587	0.22728
293	1588	0.06342
293	2573	0.25266
294	293	0.04266
294	2571	1.4097
294	2576	0.06924
295	296	0.33342
295	298	0.09228
296	295	0.33342
296	300	0.1419
296	1822	0.02652
297	296	0.33342
297	298	0.09228
298	297	0.09228
298	1337	0.6
298	1404	0.85266
298	5597	0.20802
299	295	0.33342
299	300	0.1419
299	1822	0.02652
300	299	0.1419
300	302	0.04848
300	5659	0.02766
301	299	0.1419
301	302	0.04848
301	5659	0.02766
302	301	0.04848
303	304	0.05076
303	5589	0.10776
303	5590	0.37896
304	303	0.05076
305	306	0.08304
305	1446	0.10962
305	5588	0.10776
306	305	0.08304
307	308	0.06228
307	1444	0.11886
307	1445	0.10962
308	307	0.06228
309	310	0.33438
309	2144	0.12258
309	5495	0.1356
310	309	0.33438
310	2654	0.53868
310	2656	0.42168
311	312	0.75234
311	1198	0.21918
311	4931	0.29184
312	311	0.75234
313	314	0.3588
313	2227	0.04728
313	5537	0.52374
314	313	0.3588
315	316	0.26376
315	6346	0.37152
315	6347	0.03528
316	315	0.26376
317	318	0.19956
317	4487	0.5034
317	4490	0.41052
318	317	0.19956
319	320	0.10152
319	4467	0.20418
319	4700	0.44874
320	319	0.10152
321	322	0.40956
321	4244	0.45912
321	4465	0.32646
322	321	0.40956
322	324	0.105
322	6284	0.09576
323	321	0.40956
323	324	0.105
323	6284	0.09576
324	323	0.105
325	326	0.07038
325	627	1.54818
325	6326	0.11766
326	325	0.07038
327	328	0.2415
327	333	0.16158
327	6322	0.42726
328	327	0.2415
329	330	0.15234
329	4473	0.18576
329	4478	0.10218
330	329	0.15234
330	628	0.4644
330	6319	0.15048
330	6324	0.2805
331	332	0.08916
331	631	0.53124
331	6320	0.15048
332	331	0.08916
332	334	0.16158
332	629	0.4644
333	331	0.08916
333	334	0.16158
333	629	0.4644
334	328	0.2415
334	333	0.16158
334	6322	0.42726
335	336	0.03714
335	4477	0.10218
335	6315	0.40494
336	335	0.03714
336	634	0.1152
337	338	0.41982
337	2743	0.15978
337	6318	0.23592
338	337	0.41982
338	339	0.22476
339	340	0.22476
339	632	0.1059
339	2744	0.15978
340	337	0.41982
340	339	0.22476
341	342	0.1356
341	4479	1.07928
341	6236	0.77274
342	341	0.1356
343	344	0.3771
343	6335	0.05946
343	6779	0.75792
344	343	0.3771
345	346	0.06228
345	348	0.03114
345	349	0.04152
346	345	0.06228
347	346	0.06228
347	348	0.03114
347	349	0.04152
348	347	0.03114
349	350	0.04152
349	612	0.3807
349	6334	0.22494
350	346	0.06228
350	348	0.03114
350	349	0.04152
351	352	0.03114
351	4977	0.08076
351	6331	0.015
352	351	0.03114
353	354	2.2992
353	6332	0.015
353	6333	0.22494
354	353	2.2992
354	1189	1.06482
354	4981	1.0302
355	356	0.81102
355	1156	0.24108
355	3810	0.43836
356	355	0.81102
356	360	0.09924
356	3809	0.27342
357	358	0.23994
357	3808	0.27342
357	4464	0.14766
358	357	0.23994
359	355	0.81102
359	360	0.09924
359	3809	0.27342
360	359	0.09924
361	362	0.36918
361	364	0.64026
361	1155	0.24108
362	361	0.36918
363	362	0.36918
363	364	0.64026
363	1155	0.24108
364	363	0.64026
365	366	0.0966
365	3721	0.0966
365	3724	0.23778
366	100	0.39378
366	365	0.0966
366	3738	0.61674
367	102	0.19878
367	368	0.117
367	3737	0.61674
368	367	0.117
368	372	0.23778
368	375	0.19692
369	370	0.32322
369	373	0.0966
369	376	0.19692
370	369	0.32322
370	371	0.23778
371	367	0.117
371	372	0.23778
371	375	0.19692
372	369	0.32322
372	371	0.23778
373	374	0.0966
373	3729	0.0582
373	3732	0.14028
374	370	0.32322
374	373	0.0966
374	376	0.19692
375	370	0.32322
375	373	0.0966
375	376	0.19692
376	367	0.117
376	372	0.23778
376	375	0.19692
377	378	0.37896
377	400	0.13374
378	377	0.37896
378	380	0.12444
379	377	0.37896
379	380	0.12444
380	379	0.12444
380	385	0.04458
380	394	0.02412
381	382	0.1653
381	399	0.13374
381	402	0.34368
381	414	0.52386
382	116	0.3492
382	381	0.1653
382	384	0.1653
383	116	0.3492
383	381	0.1653
383	384	0.1653
384	114	0.35478
384	383	0.1653
384	386	0.04458
385	114	0.35478
385	383	0.1653
385	386	0.04458
386	379	0.12444
386	385	0.04458
386	394	0.02412
387	112	0.35664
387	388	0.16158
387	393	0.02412
388	387	0.16158
388	390	0.1932
388	3718	0.27492
388	6555	0.07614
389	387	0.16158
389	390	0.1932
389	3718	0.27492
389	6555	0.07614
390	108	0.27864
390	389	0.1932
390	392	0.18204
391	108	0.27864
391	389	0.1932
391	392	0.18204
392	391	0.18204
392	396	0.41052
392	999	0.40494
393	379	0.12444
393	385	0.04458
393	394	0.02412
394	112	0.35664
394	388	0.16158
394	393	0.02412
395	391	0.18204
395	396	0.41052
395	999	0.40494
396	107	0.27864
396	395	0.41052
396	398	0.18576
397	107	0.27864
397	395	0.41052
397	398	0.18576
398	397	0.18576
398	3717	0.27492
398	3720	0.08358
399	378	0.37896
399	400	0.13374
400	382	0.1653
400	399	0.13374
400	402	0.34368
400	414	0.52386
401	382	0.1653
401	399	0.13374
401	402	0.34368
401	414	0.52386
402	401	0.34368
402	404	0.52572
402	417	0.23238
402	420	0.17544
403	401	0.34368
403	404	0.52572
403	417	0.23238
403	420	0.17544
404	403	0.52572
404	406	0.19878
404	6571	0.20184
404	6572	0.17106
405	403	0.52572
405	406	0.19878
405	6571	0.20184
405	6572	0.17106
406	405	0.19878
407	408	0.15048
407	410	0.18762
407	3596	0.12816
408	407	0.15048
408	1574	0.02706
408	7225	0.07584
409	408	0.15048
409	410	0.18762
409	3596	0.12816
410	409	0.18762
411	412	0.13914
411	3733	0.33798
411	3736	0.2334
412	98	0.1839
412	411	0.13914
412	6567	0.20304
413	382	0.1653
413	399	0.13374
413	402	0.34368
413	414	0.52386
414	413	0.52386
414	416	0.17538
414	418	0.23238
415	413	0.52386
415	416	0.17538
415	418	0.23238
416	415	0.17538
416	3095	0.17166
416	7149	0.25548
417	413	0.52386
417	416	0.17538
417	418	0.23238
418	401	0.34368
418	404	0.52572
418	417	0.23238
418	420	0.17544
419	401	0.34368
419	404	0.52572
419	417	0.23238
419	420	0.17544
420	115	0.3492
420	419	0.17544
420	422	0.20598
420	1585	0.33438
421	115	0.3492
421	419	0.17544
421	422	0.20598
421	1585	0.33438
422	113	0.35478
422	421	0.20598
422	424	0.0828
422	6551	0.46752
423	113	0.35478
423	421	0.20598
423	424	0.0828
423	6551	0.46752
424	111	0.35664
424	423	0.0828
424	426	0.21588
424	6553	0.33252
425	111	0.35664
425	423	0.0828
425	426	0.21588
425	6553	0.33252
426	425	0.21588
426	3719	0.08358
426	3722	0.0966
426	4660	0.34524
427	428	0.14862
427	432	0.14292
427	3098	0.02742
428	427	0.14862
428	430	0.44394
428	3090	0.35268
428	5681	0.73452
429	427	0.14862
429	430	0.44394
429	3090	0.35268
429	5681	0.73452
430	429	0.44394
431	428	0.14862
431	432	0.14292
431	3098	0.02742
432	1127	0.22104
432	5693	0.50904
433	6880	0.21798
434	1126	0.05514
435	272	0.3276
435	273	0.05304
435	436	0.17088
436	254	0.48666
436	255	0.71148
436	435	0.17088
436	1087	0.2025
437	258	0.12444
437	438	0.0669
437	6048	0.41424
438	437	0.0669
439	248	0.13932
439	440	0.30834
439	6051	0.1263
440	262	0.12072
440	439	0.30834
440	6043	0.13932
441	246	0.1542
441	247	0.13932
441	442	0.46254
442	261	0.12072
442	441	0.46254
442	1067	0.43842
443	238	0.23778
443	239	0.12258
443	444	0.32136
444	443	0.32136
445	240	0.12258
445	242	0.38082
445	446	0.31206
445	6053	0.10218
446	445	0.31206
447	448	0.13932
447	7240	0.33252
448	447	0.13932
448	7239	0.13932
448	7243	0.13932
449	38	0.1152
449	450	0.08544
449	814	0.13188
449	815	0.10404
450	449	0.08544
451	227	0.37896
451	452	0.26376
451	813	0.13188
452	451	0.26376
453	228	0.37896
453	454	0.04458
453	721	0.20622
454	453	0.04458
455	234	0.10404
455	456	0.17646
455	464	0.28236
456	455	0.17646
456	458	0.09474
456	6056	0.27678
457	455	0.17646
457	458	0.09474
457	6056	0.27678
458	457	0.09474
458	3397	0.04866
458	3400	0.35382
459	460	0.10218
459	462	0.27306
459	463	0.28236
460	236	0.30834
460	459	0.10218
460	6055	0.27678
461	460	0.10218
461	462	0.27306
461	463	0.28236
462	461	0.27306
462	818	0.21732
462	819	0.13746
463	234	0.10404
463	456	0.17646
463	464	0.28236
464	460	0.10218
464	462	0.27306
464	463	0.28236
465	466	0.19542
465	482	0.11778
465	834	0.12582
466	465	0.19542
467	274	0.05304
467	275	0.35532
467	468	0.25704
468	467	0.25704
468	832	0.27042
468	833	0.12582
469	270	0.12576
469	271	0.3276
469	470	0.26772
470	469	0.26772
470	826	0.11778
470	827	0.22488
471	472	0.19278
471	481	0.11778
471	490	0.13656
471	491	0.18204
472	471	0.19278
472	484	0.1446
472	3784	0.18204
473	474	0.20082
473	479	0.11244
473	493	0.18474
473	3782	0.18744
474	229	0.18474
474	473	0.20082
474	3788	0.18474
475	476	0.19278
475	477	0.12318
475	3580	0.20082
475	3786	0.19008
476	475	0.19278
476	485	0.18474
476	487	0.18744
477	478	0.12318
477	828	0.22488
477	829	0.39624
478	476	0.19278
478	477	0.12318
478	3580	0.20082
478	3786	0.19008
479	480	0.11244
479	830	0.39624
479	831	0.27042
480	474	0.20082
480	479	0.11244
480	493	0.18474
480	3782	0.18744
481	466	0.19542
481	482	0.11778
481	834	0.12582
482	472	0.19278
482	481	0.11778
482	490	0.13656
482	491	0.18204
483	471	0.19278
483	484	0.1446
483	3784	0.18204
484	483	0.1446
485	486	0.18474
486	475	0.19278
486	485	0.18474
486	487	0.18744
487	488	0.18744
488	475	0.19278
488	485	0.18474
488	487	0.18744
489	472	0.19278
489	481	0.11778
489	490	0.13656
489	491	0.18204
490	489	0.13656
491	492	0.18204
492	472	0.19278
492	481	0.11778
492	490	0.13656
492	491	0.18204
493	494	0.18474
494	474	0.20082
494	479	0.11244
494	493	0.18474
494	3782	0.18744
495	224	0.5703
495	225	0.39624
495	496	0.94782
496	495	0.94782
496	822	0.08568
496	823	0.34272
497	498	0.28914
497	499	0.07494
497	3373	0.8487
498	497	0.28914
499	65	0.43374
499	500	0.07494
499	501	0.15798
500	498	0.28914
500	499	0.07494
500	3373	0.8487
501	502	0.15798
501	503	0.11244
501	6060	0.2865
502	65	0.43374
502	500	0.07494
502	501	0.15798
503	64	0.11778
503	69	0.43104
503	504	0.11244
504	502	0.15798
504	503	0.11244
504	6060	0.2865
505	71	0.42036
505	506	0.13656
505	507	0.09636
506	63	0.11778
506	505	0.13656
506	6062	0.21954
507	508	0.09636
507	3371	0.18474
507	6058	0.423
508	71	0.42036
508	506	0.13656
508	507	0.09636
509	510	0.16602
509	2544	1.5366
509	2555	0.07728
510	509	0.16602
510	725	0.2463
510	5259	0.87552
511	512	0.53496
512	511	0.53496
512	4990	0.0873
512	5217	0.3009
513	514	0.4257
513	6442	0.27846
514	513	0.4257
514	6443	0.26238
515	516	0.14862
515	1090	0.04644
515	3536	0.2712
516	515	0.14862
516	3538	0.29724
516	3539	0.07428
516	4639	0.3009
517	518	0.20802
517	594	0.09474
517	3438	0.117
517	3439	0.0966
518	517	0.20802
518	3404	0.09102
518	3406	0.15606
519	57	0.21954
519	520	0.25704
519	3417	0.42036
520	519	0.25704
521	522	0.12444
521	3423	0.20064
521	3891	0.29724
522	521	0.12444
522	735	0.0669
522	3420	0.1542
522	3433	0.49038
523	524	0.19812
523	563	0.19278
523	6448	0.04014
524	523	0.19812
524	1964	0.11244
524	2883	0.23028
525	27	0.18576
525	526	0.24894
525	3555	0.03156
525	4850	0.117
526	525	0.24894
526	528	0.21546
526	1059	0.2898
527	525	0.24894
527	528	0.21546
527	1059	0.2898
528	527	0.21546
528	530	0.16902
528	874	0.17646
529	527	0.21546
529	530	0.16902
529	874	0.17646
530	529	0.16902
531	532	0.71148
531	1636	0.0669
531	4545	0.08172
532	531	0.71148
532	4584	0.039
532	5249	1.84458
533	534	0.25266
533	4331	0.02598
534	533	0.25266
534	3883	0.18204
535	536	0.2136
535	4324	0.04458
535	4325	0.05946
536	535	0.2136
536	5243	0.15234
536	6511	0.15048
537	538	0.09102
537	4330	0.09474
537	5214	0.07428
538	537	0.09102
538	3058	0.2136
539	540	0.27306
539	3943	0.13932
539	5023	0.16158
540	539	0.27306
541	542	0.09474
541	5020	0.06132
541	5861	0.15234
541	6146	0.20064
542	541	0.09474
542	5027	0.15606
543	544	0.12816
543	5019	0.06132
543	5022	0.13746
544	543	0.12816
545	546	0.05016
546	545	0.05016
546	5025	0.1356
547	548	0.2805
547	2074	0.29454
547	7093	0.12318
548	547	0.2805
548	6225	0.23406
548	6228	0.16158
548	6229	0.0966
549	550	1.07634
549	2152	0.384
549	2863	0.3975
549	6809	0.56136
550	549	1.07634
550	2390	0.9678
550	2393	1.6644
551	552	0.53412
551	1323	0.2469
551	1414	0.03924
552	551	0.53412
553	554	0.05016
553	3701	0.18744
553	3704	0.13266
554	553	0.05016
554	1524	0.1542
554	2825	0.3492
555	556	0.1152
555	1844	0.07614
555	2734	0.07986
556	555	0.1152
557	558	0.01674
557	6038	0.17646
557	6747	0.17304
558	557	0.01674
558	5769	0.46836
558	6475	0.0873
559	560	1.02354
559	1004	0.89166
559	3971	0.51456
560	559	1.02354
561	562	0.21732
561	3434	0.49038
561	6460	0.07056
561	6461	0.1449
562	561	0.21732
563	564	0.19278
563	2887	0.09372
563	4802	0.14994
564	524	0.19812
564	563	0.19278
564	6448	0.04014
565	566	0.39894
565	981	0.24096
565	982	0.17136
566	565	0.39894
566	2877	0.52206
566	6440	0.58368
567	568	0.40254
567	1466	0.05226
568	567	0.40254
568	4175	0.36312
568	6436	0.29076
569	570	1.32258
569	4805	0.5814
569	5883	0.39198
570	569	1.32258
570	6430	0.97338
570	6431	0.9771
571	572	0.30834
571	1779	0.07614
571	1782	0.14304
572	571	0.30834
573	574	0.2157
573	2057	0.25494
573	2060	0.1788
573	3762	0.0969
574	573	0.2157
574	865	0.66912
574	2196	0.13152
575	283	0.34608
575	576	0.11886
575	2560	0.63156
576	575	0.11886
576	863	0.4458
576	3543	0.0081
577	578	0.13842
577	848	0.1332
577	849	0.01722
578	577	0.13842
578	2738	1.9554
578	3004	0.1188
579	4601	0.08538
579	6811	0.04386
580	581	0.41646
580	5767	0.02046
580	6822	0.11766
581	580	0.41646
582	583	0.20532
582	587	0.4707
582	2618	0.53298
582	4975	0.18918
583	582	0.20532
583	585	0.8352
583	4973	0.16494
584	582	0.20532
584	585	0.8352
584	4973	0.16494
585	584	0.8352
586	583	0.20532
586	587	0.4707
586	2618	0.53298
586	4975	0.18918
587	586	0.4707
588	589	0.43374
588	591	0.9633
588	1958	0.59988
589	588	0.43374
589	2619	0.53298
590	589	0.43374
590	591	0.9633
590	1958	0.59988
591	590	0.9633
591	2132	0.42912
591	2436	0.92172
591	4808	0.40722
592	593	1.28514
592	1144	0.15918
592	2111	1.60818
593	592	1.28514
593	3779	0.0369
593	6547	0.22266
594	595	0.09474
594	3407	0.16344
594	3414	0.0093
595	518	0.20802
595	594	0.09474
595	3438	0.117
595	3439	0.0966
596	597	0.29178
596	6221	0.32994
596	6223	0.47556
597	596	0.29178
597	1142	0.72258
597	5111	0.74598
597	5129	0.5226
598	599	0.1653
598	1082	0.33066
598	1085	0.21918
599	250	0.31578
599	598	0.1653
599	1075	0.22848
599	2276	0.17274
600	601	0.4551
600	2850	0.0576
600	3343	0.16374
600	3346	0.24678
601	600	0.4551
602	603	0.09576
603	602	0.09576
603	2230	0.2907
603	2231	0.03576
604	605	0.46494
604	5539	0.6126
604	5540	0.99558
605	604	0.46494
605	2228	0.04728
605	2229	0.2907
606	607	0.24342
606	5518	1.46394
607	606	0.24342
607	6342	2.20122
607	6343	1.09782
608	609	0.86868
609	608	0.86868
609	5543	0.54984
609	6345	0.37152
610	611	0.4845
610	2054	0.47298
610	6807	0.0888
611	610	0.4845
612	613	0.3807
612	6867	0.87306
613	350	0.04152
613	612	0.3807
613	6334	0.22494
614	615	0.09114
614	5490	0.2157
614	5493	0.0819
615	614	0.09114
616	617	0.28842
616	5474	0.31392
616	5479	0.09846
617	616	0.28842
617	618	0.00924
617	6328	0.12114
618	619	0.00924
618	5472	1.34976
618	6767	0.06462
619	616	0.28842
619	618	0.00924
619	6328	0.12114
620	621	0.20802
620	5481	0.45324
621	620	0.20802
621	5476	0.62412
621	5489	0.57912
622	623	0.10842
622	4472	0.03462
623	622	0.10842
623	4469	1.28862
624	625	0.19152
624	4471	0.03462
624	4476	0.02538
625	624	0.19152
626	326	0.07038
626	627	1.54818
626	6326	0.11766
627	626	1.54818
628	331	0.08916
628	334	0.16158
628	629	0.4644
629	329	0.15234
629	628	0.4644
629	6319	0.15048
629	6324	0.2805
630	332	0.08916
630	631	0.53124
630	6320	0.15048
631	630	0.53124
632	633	0.1059
632	4480	1.07928
632	6316	0.40494
633	340	0.22476
633	632	0.1059
633	2744	0.15978
634	635	0.1152
635	335	0.03714
635	634	0.1152
636	637	0.32136
636	5480	0.45324
636	5483	0.7059
637	636	0.32136
637	6235	0.77274
637	6341	2.20122
637	7147	0.13002
638	639	0.4407
638	4142	3.37746
638	6297	0.012
639	638	0.4407
640	641	0.03348
640	2047	0.1269
640	2050	0.03576
641	640	0.03348
641	647	0.10266
641	6296	0.11652
642	643	0.05574
642	4255	0.09288
642	4258	0.21732
643	642	0.05574
643	4277	0.13002
643	4280	0.14304
644	645	0.10404
645	644	0.10404
645	683	0.13746
645	6288	0.11148
646	640	0.03348
646	647	0.10266
646	6296	0.11652
647	646	0.10266
648	649	0.07986
648	2021	0.31206
648	6287	0.11148
649	648	0.07986
650	651	0.15
650	4489	0.41052
650	4492	0.08916
651	650	0.15
652	653	0.58722
652	4485	0.91392
652	4488	0.5034
653	652	0.58722
654	655	0.33222
654	4243	0.45912
654	4468	0.20418
655	654	0.33222
656	657	0.1269
656	4458	0.11766
656	4461	0.15576
657	656	0.1269
658	659	0.078
658	4233	0.06876
658	4504	0.18204
659	658	0.078
660	661	0.1269
660	6306	0.4326
660	6307	0.06804
661	660	0.1269
662	663	0.09228
662	6308	0.06804
662	6309	0.03114
663	662	0.09228
664	665	0.045
664	6310	0.03114
664	6311	0.02652
665	664	0.045
666	667	0.18114
666	6312	0.02652
666	6313	0.09576
667	666	0.18114
668	669	0.14118
668	4265	0.12258
668	4272	0.1542
669	668	0.14118
670	671	0.08304
671	670	0.08304
671	6299	0.14538
671	6848	0.08076
672	673	1.21938
672	6294	0.18456
672	6295	0.11652
673	672	1.21938
674	675	0.09288
674	5275	0.24708
674	5276	0.22662
675	674	0.09288
676	677	0.05388
676	2282	0.34368
676	5277	0.22662
677	676	0.05388
678	679	0.13188
678	2283	0.34368
678	5278	0.18018
678	5285	0.51084
679	678	0.13188
680	681	0.0483
680	2280	0.26532
680	5279	0.18018
681	680	0.0483
682	644	0.10404
682	683	0.13746
682	6288	0.11148
683	682	0.13746
684	685	0.09288
684	2043	0.0519
684	2046	0.03924
685	684	0.09288
686	687	0.22476
686	2035	0.11538
686	2038	0.4476
687	686	0.22476
688	689	0.32136
688	6280	0.96222
688	6281	0.58884
689	688	0.32136
690	691	0.15234
690	692	0.3102
691	690	0.15234
691	5304	0.1542
692	693	0.3102
692	4502	0.18762
692	4503	0.18204
693	691	0.15234
693	692	0.3102
694	695	0.13002
694	2020	0.18018
694	5295	0.41796
694	5301	0.45882
695	694	0.13002
695	696	0.5703
695	2742	0.09474
696	697	0.5703
696	700	0.09102
696	5300	0.02412
697	694	0.13002
697	696	0.5703
697	2742	0.09474
698	699	0.47928
698	5298	0.1449
698	5299	0.02412
699	698	0.47928
699	2017	0.07614
699	5302	0.45882
700	701	0.09102
700	4279	0.14304
700	4282	0.10218
701	697	0.5703
701	700	0.09102
701	5300	0.02412
702	703	0.09288
702	4234	0.06876
702	4235	0.4254
703	702	0.09288
703	4304	0.16716
703	5290	0.14862
704	705	0.60744
704	5273	0.4068
704	5274	0.24708
705	704	0.60744
705	706	0.20802
705	5284	0.1059
706	707	0.20802
706	5272	0.4068
706	6671	0.3864
707	704	0.60744
707	706	0.20802
707	5284	0.1059
708	709	0.19878
708	4278	0.13002
708	4283	0.02412
709	708	0.19878
709	710	0.36036
709	2740	0.38268
710	711	0.36036
710	3025	0.05574
710	4274	0.17832
711	708	0.19878
711	710	0.36036
711	2740	0.38268
712	6741	0.42132
713	714	0.05886
713	2049	0.03576
713	6684	0.08766
714	713	0.05886
714	4675	0.14418
714	6683	0.10152
715	716	0.32508
715	6672	0.2322
715	6676	0.22476
716	715	0.32508
717	718	0.43098
717	6674	0.21174
717	6678	0.11334
718	717	0.43098
719	720	0.23778
719	5907	0.27864
719	7110	0.22662
720	719	0.23778
721	722	0.20622
722	228	0.37896
722	454	0.04458
722	721	0.20622
723	724	0.05946
723	6921	0.2619
724	2146	0.17994
724	6795	0.13176
725	726	0.2463
726	509	0.16602
726	725	0.2463
726	5259	0.87552
727	728	0.1767
727	732	0.08196
727	7127	0.02406
728	727	0.1767
728	3376	0.11244
728	4694	0.43644
729	730	0.32394
729	4692	0.3909
729	4693	0.43644
730	729	0.32394
731	728	0.1767
731	732	0.08196
731	7127	0.02406
732	731	0.08196
732	797	0.29166
732	7217	0.19464
733	734	0.20328
733	7126	0.02406
734	733	0.20328
734	2880	0.26238
734	5253	0.01602
735	736	0.0669
735	738	0.0813
735	739	0.10788
736	521	0.12444
736	735	0.0669
736	3420	0.1542
736	3433	0.49038
737	736	0.0669
737	738	0.0813
737	739	0.10788
738	737	0.0813
738	2914	0.09288
738	5576	0.16122
739	740	0.10788
739	2886	0.19008
739	5250	0.2361
740	736	0.0669
740	738	0.0813
740	739	0.10788
741	742	0.50184
741	746	0.01152
742	741	0.50184
742	743	0.16956
743	744	0.16956
743	1017	0.15234
743	3075	0.17538
744	741	0.50184
744	743	0.16956
745	742	0.50184
745	746	0.01152
746	745	0.01152
746	1034	0.05886
746	1037	0.08652
746	3550	0.01266
747	748	0.37152
747	801	0.2322
747	1095	0.3288
748	747	0.37152
748	749	0.16716
748	800	0.0966
749	750	0.16716
750	747	0.37152
750	749	0.16716
750	800	0.0966
751	752	0.27678
751	1488	0.18762
751	3251	0.21918
752	751	0.27678
752	3485	0.49968
752	3488	0.36222
752	3489	0.22662
753	754	0.56844
753	3292	1.46748
753	3299	0.075
754	753	0.56844
754	755	0.70776
754	4607	0.06504
755	756	0.70776
756	753	0.56844
756	755	0.70776
756	4607	0.06504
757	758	0.04644
757	3432	0.1152
757	6139	0.1152
758	757	0.04644
758	759	0.12444
758	6138	0.13746
759	760	0.12444
760	757	0.04644
760	759	0.12444
760	6138	0.13746
761	762	0.30276
762	761	0.30276
762	763	0.17646
762	3427	0.35478
763	764	0.17646
763	3425	0.39378
764	761	0.30276
764	763	0.17646
764	3427	0.35478
765	766	0.27678
765	767	0.21174
765	1104	0.3678
766	765	0.27678
766	2290	0.12816
766	3257	0.09288
766	5565	0.4161
767	768	0.21174
767	3277	0.42726
767	3296	0.0873
768	766	0.27678
768	767	0.21174
768	1104	0.3678
769	770	0.07986
769	4155	0.05388
770	769	0.07986
770	772	0.13002
770	1921	0.039
771	769	0.07986
771	772	0.13002
771	1921	0.039
772	771	0.13002
772	1885	0.27864
772	4157	0.0576
773	87	0.0873
773	89	0.23034
773	774	0.07614
773	6569	0.23592
774	773	0.07614
774	776	0.08916
775	773	0.07614
775	776	0.08916
776	775	0.08916
776	6575	0.1263
777	778	0.21546
777	4783	0.30462
777	6150	0.33252
778	777	0.21546
778	3046	0.05388
778	6148	0.06132
779	780	0.08544
779	3045	0.05388
780	779	0.08544
780	6147	0.06132
781	782	0.15978
781	3699	0.15858
781	3702	0.18744
782	110	0.12816
782	781	0.15978
782	783	0.17646
783	784	0.17646
784	110	0.12816
784	781	0.15978
784	783	0.17646
785	786	0.19692
785	3974	0.2805
785	3975	0.2136
785	3978	0.10218
786	785	0.19692
786	2262	0.18948
786	2263	0.08916
786	3990	0.09846
787	788	0.23964
787	4287	0.0966
787	4290	0.2898
788	787	0.23964
789	790	0.09846
789	4300	0.20988
789	5288	0.13746
789	5289	0.14862
790	789	0.09846
791	163	0.1059
791	792	0.24336
791	1106	0.26004
792	166	0.12258
792	791	0.24336
792	5798	0.078
793	173	0.4068
793	176	0.29166
793	794	0.05388
794	793	0.05388
794	4590	0.06504
794	5799	0.078
795	796	0.1449
795	3578	0.2025
795	4597	0.50526
795	4614	0.28422
796	795	0.1449
796	2876	0.078
796	3442	0.05574
797	798	0.29166
797	2875	0.078
797	4595	0.07056
798	731	0.08196
798	797	0.29166
798	7217	0.19464
799	747	0.37152
799	749	0.16716
799	800	0.0966
800	799	0.0966
800	2923	0.5331
800	2926	0.13188
801	802	0.2322
801	803	0.20436
801	3457	0.20802
802	748	0.37152
802	801	0.2322
802	1095	0.3288
803	804	0.20436
803	805	0.02412
803	3480	0.40122
804	802	0.2322
804	803	0.20436
804	3457	0.20802
805	806	0.02412
805	3482	0.2991
805	4587	0.02598
806	804	0.20436
806	805	0.02412
806	3480	0.40122
807	808	0.9102
807	4583	0.039
807	4585	0.55914
808	807	0.9102
809	810	0.078
809	811	0.12258
809	1043	0.18204
810	809	0.078
811	812	0.12258
811	4581	0.12444
811	6016	0.1449
812	810	0.078
812	811	0.12258
812	1043	0.18204
813	38	0.1152
813	450	0.08544
813	814	0.13188
813	815	0.10404
814	227	0.37896
814	452	0.26376
814	813	0.13188
815	816	0.10404
815	817	0.21732
815	2189	0.15792
816	38	0.1152
816	450	0.08544
816	814	0.13188
816	815	0.10404
817	461	0.27306
817	818	0.21732
817	819	0.13746
818	816	0.10404
818	817	0.21732
818	2189	0.15792
819	235	0.30834
819	820	0.13746
819	4579	0.14118
820	461	0.27306
820	818	0.21732
820	819	0.13746
821	495	0.94782
821	822	0.08568
821	823	0.34272
822	821	0.08568
823	223	0.5703
823	824	0.34272
823	825	0.11778
824	495	0.94782
824	822	0.08568
824	823	0.34272
825	469	0.26772
825	826	0.11778
825	827	0.22488
826	223	0.5703
826	824	0.34272
826	825	0.11778
827	478	0.12318
827	828	0.22488
827	829	0.39624
828	469	0.26772
828	826	0.11778
828	827	0.22488
829	480	0.11244
829	830	0.39624
829	831	0.27042
830	478	0.12318
830	828	0.22488
830	829	0.39624
831	467	0.25704
831	832	0.27042
831	833	0.12582
832	480	0.11244
832	830	0.39624
832	831	0.27042
833	466	0.19542
833	482	0.11778
833	834	0.12582
834	467	0.25704
834	832	0.27042
834	833	0.12582
835	836	0.23778
835	861	0.27864
835	862	0.4458
836	835	0.23778
836	3546	0.2469
836	3547	0.17766
837	838	0.22296
837	839	0.16458
837	4798	0.20766
838	837	0.22296
838	1977	0.21228
838	1983	0.327
839	840	0.16458
839	841	0.21402
839	2066	0.0888
840	838	0.22296
840	839	0.16458
840	4798	0.20766
841	842	0.21402
841	843	0.01644
841	988	0.89352
842	840	0.16458
842	841	0.21402
842	2066	0.0888
843	844	0.01644
843	845	0.18708
843	858	0.0819
844	842	0.21402
844	843	0.01644
844	988	0.89352
845	846	0.18708
845	7186	0.14964
846	844	0.01644
846	845	0.18708
846	858	0.0819
847	578	0.13842
847	848	0.1332
847	849	0.01722
848	847	0.1332
848	3000	0.09342
848	3024	0.07632
849	850	0.01722
849	851	0.87618
849	4796	0.02652
850	578	0.13842
850	848	0.1332
850	849	0.01722
851	852	0.87618
851	6810	0.04386
852	850	0.01722
852	851	0.87618
852	4796	0.02652
853	5068	0.06924
853	5765	0.49836
854	855	0.05016
854	2982	0.0888
854	6817	0.36966
855	854	0.05016
855	2984	0.2538
855	2987	0.2025
855	3584	0.1569
856	857	0.05202
856	3775	0.09288
856	3777	0.48108
857	266	0.17418
857	856	0.05202
857	2993	0.5127
858	859	0.0819
858	2068	0.77406
858	2070	0.07842
859	844	0.01644
859	845	0.18708
859	858	0.0819
860	836	0.23778
860	861	0.27864
860	862	0.4458
861	860	0.27864
861	4578	0.37524
861	6789	0.45696
862	575	0.11886
862	863	0.4458
862	3543	0.0081
863	836	0.23778
863	861	0.27864
863	862	0.4458
864	573	0.2157
864	865	0.66912
864	2196	0.13152
865	864	0.66912
866	867	0.79878
866	6423	0.56658
867	866	0.79878
867	6755	0.01302
868	869	0.44022
868	871	0.0873
868	3556	0.03156
868	3557	0.3102
869	868	0.44022
869	879	0.14304
869	3020	0.13188
870	869	0.44022
870	871	0.0873
870	3556	0.03156
870	3557	0.3102
871	870	0.0873
872	873	0.1263
872	1602	0.11886
872	2773	0.35292
873	872	0.1263
873	1601	0.06504
873	2775	0.39378
874	6	0.28422
874	7	0.13932
874	875	0.17646
875	527	0.21546
875	530	0.16902
875	874	0.17646
876	8	0.13932
876	877	0.16344
876	2211	0.1356
877	876	0.16344
878	868	0.44022
878	879	0.14304
878	3020	0.13188
879	878	0.14304
879	881	0.1932
879	4625	0.32136
880	878	0.14304
880	881	0.1932
880	4625	0.32136
881	880	0.1932
881	883	0.45324
881	3558	0.3102
881	3559	0.27492
882	880	0.1932
882	883	0.45324
882	3558	0.3102
882	3559	0.27492
883	882	0.45324
883	2178	0.26004
883	2212	0.1356
884	3	0.10032
884	885	0.32136
885	884	0.32136
885	887	0.4941
885	4623	0.15234
886	884	0.32136
886	887	0.4941
886	4623	0.15234
887	886	0.4941
887	2269	0.61116
887	4687	0.18762
888	29	0.2415
888	889	0.39198
888	7125	0.23406
889	888	0.39198
890	22	0.19506
890	891	0.45138
890	2203	0.1152
891	890	0.45138
891	892	0.42726
891	2180	0.03156
892	21	0.19506
892	893	0.42726
892	906	0.46254
893	890	0.45138
893	892	0.42726
893	2180	0.03156
894	23	0.1653
894	895	0.16344
894	1645	0.18204
894	6004	0.21546
895	894	0.16344
895	897	0.16716
895	1651	0.50712
895	2535	0.21546
896	894	0.16344
896	897	0.16716
896	1651	0.50712
896	2535	0.21546
897	896	0.16716
897	899	0.15606
897	2533	0.28236
897	6008	0.21546
898	896	0.16716
898	899	0.15606
898	2533	0.28236
898	6008	0.21546
899	898	0.15606
899	901	0.10218
899	909	0.26562
900	898	0.15606
900	901	0.10218
900	909	0.26562
901	900	0.10218
901	903	0.21732
901	911	0.18204
902	900	0.10218
902	903	0.21732
902	911	0.18204
903	19	0.00744
903	902	0.21732
903	6010	0.15606
904	20	0.00744
904	905	0.19878
904	1621	0.14304
905	904	0.19878
905	907	0.46254
905	917	0.1746
905	3563	0.2898
906	904	0.19878
906	907	0.46254
906	917	0.1746
906	3563	0.2898
907	21	0.19506
907	893	0.42726
907	906	0.46254
908	898	0.15606
908	901	0.10218
908	909	0.26562
909	908	0.26562
910	900	0.10218
910	903	0.21732
910	911	0.18204
911	910	0.18204
911	913	0.1746
911	4621	0.24336
912	910	0.18204
912	913	0.1746
912	4621	0.24336
913	912	0.1746
914	915	0.20436
914	1607	0.13746
914	6009	0.15606
915	914	0.20436
915	916	0.1746
915	918	0.12444
916	904	0.19878
916	907	0.46254
916	917	0.1746
916	3563	0.2898
917	914	0.20436
917	916	0.1746
